192,86,41,20
192,86,41,20
192,86,41,20
192,86,41,20
192,86,41,20
192,86,41,20
193,86,41,20
192,86,41,20
192,85,43,21
191,86,43,21
192,86,43,21
191,86,43,21
191,86,43,21
190,86,43,21
190,85,43,21
190,86,43,21
191,86,41,20
190,86,41,20
190,86,41,20
190,86,41,20
188,86,41,20
188,86,41,20
188,86,41,20
188,86,41,20
188,87,41,20
187,87,41,20
187,87,41,20
186,87,41,20
186,87,41,20
186,87,41,20
186,87,41,20
187,87,41,20
187,87,41,20
188,87,41,20
187,87,41,20
187,86,41,20
187,86,41,20
187,86,41,20
186,86,41,20
187,86,41,20
186,86,41,20
186,86,41,20
185,86,41,20
186,86,41,20
185,86,41,20
185,85,41,20
185,86,41,20
185,86,41,20
184,86,41,20
184,86,41,20
183,86,41,20
183,87,41,20
182,87,41,20
181,87,41,20
181,87,41,20
181,88,41,20
181,88,41,20
181,88,41,20
180,88,41,20
180,88,41,20
180,88,41,20
179,88,41,20
179,88,41,20
178,88,41,20
178,88,41,20
178,89,41,20
177,88,43,21
176,89,43,21
176,89,43,21
176,89,43,21
176,89,43,21
177,89,43,21
176,89,43,21
177,89,43,21
177,89,43,21
177,89,43,21
176,89,43,21
177,89,43,21
177,89,43,21
177,89,43,21
178,89,43,21
178,91,43,21
179,91,41,20
179,92,41,20
178,93,41,20
178,94,41,20
178,94,41,20
179,94,41,20
178,94,41,20
179,94,41,20
179,94,41,20
179,94,41,20
179,93,41,20
181,94,39,19
180,94,39,19
181,93,41,20
180,93,41,20
180,94,41,20
181,94,41,20
181,94,41,20
181,94,41,20
181,94,41,20
180,94,41,20
181,94,41,20
181,93,41,20
181,92,41,20
181,92,41,20
181,92,41,20
181,91,41,20
179,90,43,21
179,90,43,21
180,89,43,21
179,90,43,21
179,89,43,21
180,90,43,21
180,89,43,21
181,90,41,20
181,89,41,20
181,89,41,20
181,89,41,20
181,89,41,20
180,89,41,20
180,89,41,20
180,89,41,20
179,89,41,20
180,89,41,20
179,89,41,20
179,90,41,20
179,90,41,20
178,91,41,20
179,92,41,20
178,92,41,20
178,92,41,20
178,92,41,20
178,92,41,20
178,92,41,20
178,92,41,20
177,91,41,20
179,91,39,19
179,91,39,19
179,91,39,19
179,91,39,19
179,90,39,19
179,90,41,20
179,90,41,20
178,90,41,20
178,89,41,20
178,88,41,20
179,88,41,20
177,87,43,21
177,88,43,21
177,88,43,21
177,88,43,21
177,88,43,21
176,88,43,21
177,89,43,21
176,88,43,21
176,88,43,21
176,88,43,21
177,88,41,20
178,88,41,20
177,88,41,20
177,88,41,20
177,88,41,20
177,88,41,20
177,87,41,20
176,87,41,20
177,87,41,20
177,87,41,20
176,87,43,21
177,87,43,21
178,86,43,21
178,87,43,21
178,87,43,21
177,86,45,22
178,86,45,22
178,86,45,22
179,86,43,21
180,86,43,21
180,86,43,21
180,86,43,21
180,85,43,21
180,86,43,21
181,85,43,21
181,85,43,21
181,85,43,21
182,85,43,21
182,85,43,21
183,86,43,21
183,85,43,21
182,86,43,21
183,85,43,21
183,86,43,21
182,85,43,21
183,85,43,21
183,85,43,21
183,85,43,21
183,85,43,21
183,84,43,21
184,85,43,21
183,85,43,21
184,84,43,21
183,84,43,21
183,84,43,21
183,84,43,21
183,84,43,21
182,85,43,21
182,84,43,21
182,85,43,21
182,85,43,21
181,85,43,21
182,85,43,21
182,84,43,21
182,84,43,21
181,84,43,21
181,84,43,21
180,84,43,21
180,84,43,21
179,83,43,21
180,83,43,21
180,83,43,21
181,83,43,21
181,83,43,21
180,82,45,22
180,82,45,22
180,82,45,22
180,82,45,22
180,81,45,22
180,81,45,22
181,81,45,22
180,82,45,22
179,81,47,23
179,81,47,23
180,82,47,23
180,82,47,23
181,82,47,23
181,82,47,23
182,81,47,23
183,81,47,23
183,81,47,23
184,80,47,23
184,80,47,23
184,80,47,23
185,80,47,23
185,79,47,23
185,80,47,23
186,80,47,23
186,81,47,23
185,81,47,23
184,82,47,23
184,82,47,23
183,82,47,23
182,81,47,23
182,82,47,23
182,82,47,23
182,81,47,23
182,81,47,23
183,82,47,23
185,82,47,23
186,82,47,23
187,81,50,24
186,81,52,26
186,80,52,26
187,80,52,26
188,80,52,26
189,79,52,26
194,79,50,24
194,78,50,24
194,77,52,26
195,76,52,26
200,77,50,24
200,76,50,24
201,76,50,24
201,75,50,24
202,75,50,24
203,75,50,24
202,75,50,24
202,76,50,24
202,77,50,24
202,77,50,24
202,77,50,24
202,78,50,24
202,78,50,24
200,77,52,26
200,77,52,26
200,77,52,26
200,77,52,26
199,76,52,26
199,76,52,26
198,75,52,26
199,75,52,26
199,75,52,26
198,75,52,26
198,75,52,26
197,76,52,26
196,76,52,26
196,76,52,26
195,76,52,26
195,76,52,26
194,77,52,26
194,76,52,26
194,76,52,26
194,76,52,26
194,76,52,26
193,76,52,26
194,75,52,26
194,74,52,26
194,74,52,26
194,74,52,26
194,74,52,26
195,75,52,26
195,75,52,26
194,74,52,26
195,74,52,26
195,74,52,26
195,74,52,26
194,73,55,27
195,73,55,27
194,72,55,27
194,72,55,27
194,72,55,27
195,71,55,27
196,72,55,27
196,72,55,27
197,72,55,27
196,73,55,27
195,73,58,28
195,73,58,28
194,74,58,28
193,74,58,28
193,74,58,28
193,74,58,28
193,73,58,28
192,73,58,28
192,73,58,28
193,73,58,28
193,73,58,28
193,74,58,28
193,74,58,28
193,74,58,28
193,74,58,28
193,74,58,28
193,75,58,28
193,75,58,28
193,75,58,28
192,75,58,28
192,76,58,28
192,76,58,28
190,75,58,28
190,75,58,28
190,75,58,28
189,75,58,28
188,74,58,28
187,74,58,28
187,74,58,28
187,74,58,28
186,74,58,28
186,74,58,28
186,74,58,28
185,74,58,28
185,74,58,28
184,74,58,28
183,74,58,28
183,75,58,28
181,75,61,30
181,75,61,30
181,75,61,30
180,76,61,30
180,76,61,30
180,77,61,30
179,77,61,30
179,78,61,30
179,79,61,30
179,79,61,30
179,80,61,30
179,80,61,30
179,81,61,30
179,80,61,30
178,80,61,30
178,81,61,30
177,81,61,30
176,81,61,30
176,82,61,30
176,83,61,30
176,84,61,30
175,84,61,30
175,84,61,30
174,84,61,30
174,84,61,30
174,84,61,30
174,84,61,30
175,84,61,30
175,84,61,30
175,84,61,30
175,85,61,30
176,85,61,30
177,85,61,30
176,85,64,31
177,85,64,31
175,85,67,33
176,85,67,33
177,85,67,33
178,85,67,33
179,84,67,33
179,83,67,33
180,82,67,33
180,81,67,33
180,80,67,33
180,80,67,33
179,80,67,33
178,80,67,33
177,80,70,34
177,80,70,34
176,80,70,34
177,80,70,34
177,80,70,34
177,80,70,34
177,80,70,34
177,79,70,34
178,79,70,34
178,78,70,34
178,77,70,34
178,77,70,34
178,77,70,34
178,77,70,34
179,78,70,34
179,79,70,34
179,80,70,34
179,80,70,34
179,81,70,34
179,81,70,34
178,82,70,34
177,82,70,34
177,82,70,34
177,82,70,34
176,82,70,34
175,82,70,34
174,82,70,34
174,81,70,34
173,81,70,34
172,81,70,34
171,81,70,34
170,81,70,34
170,81,70,34
169,81,70,34
169,81,70,34
169,80,70,34
169,79,70,34
169,79,70,34
170,79,70,34
169,78,74,36
170,78,74,36
170,78,74,36
171,79,74,36
169,78,77,38
170,79,77,38
171,79,77,38
171,79,77,38
171,80,77,38
172,80,77,38
172,80,77,38
171,80,77,38
172,79,77,38
172,79,77,38
172,79,77,38
172,79,77,38
172,79,77,38
172,79,77,38
171,79,77,38
170,78,77,38
170,78,77,38
169,77,77,38
169,76,77,38
169,76,77,38
169,76,77,38
169,76,77,38
168,76,77,38
167,76,77,38
167,76,77,38
166,76,77,38
166,76,77,38
165,76,77,38
164,76,77,38
163,76,77,38
163,76,77,38
162,76,77,38
162,76,77,38
161,76,77,38
161,76,77,38
162,75,77,38
161,74,77,38
162,74,77,38
162,73,77,38
163,73,77,38
164,72,77,38
165,72,77,38
167,72,77,38
167,72,77,38
168,72,77,38
168,71,77,38
168,71,77,38
167,71,77,38
166,71,77,38
165,71,77,38
163,71,77,38
162,71,77,38
162,72,77,38
160,72,77,38
159,72,77,38
158,72,77,38
158,71,77,38
157,71,77,38
157,71,77,38
158,70,77,38
158,70,77,38
159,71,77,38
159,70,77,38
159,70,77,38
159,70,77,38
159,70,77,38
158,71,77,38
158,71,77,38
159,71,77,38
159,71,77,38
159,71,77,38
160,71,77,38
161,71,77,38
161,70,77,38
162,69,77,38
162,69,77,38
162,68,77,38
162,68,77,38
161,67,77,38
161,67,77,38
160,67,77,38
160,66,77,38
161,66,77,38
163,65,77,38
163,65,77,38
164,65,77,38
164,64,77,38
164,63,77,38
164,62,77,38
165,62,77,38
165,61,77,38
165,61,77,38
165,61,77,38
165,62,77,38
166,62,77,38
166,62,77,38
167,62,77,38
168,61,77,38
169,61,77,38
170,61,77,38
170,61,77,38
172,61,77,38
173,61,77,38
173,61,77,38
172,62,77,38
173,63,77,38
173,63,77,38
173,64,77,38
173,65,77,38
174,67,77,38
174,67,77,38
173,66,77,38
173,66,77,38
172,66,77,38
171,66,77,38
171,65,77,38
171,65,77,38
172,66,74,36
171,66,74,36
172,66,74,36
172,66,74,36
172,67,74,36
172,68,74,36
172,69,74,36
172,69,74,36
171,69,74,36
170,69,74,36
169,69,74,36
168,68,74,36
168,68,74,36
167,68,74,36
166,68,74,36
164,69,74,36
162,70,74,36
160,70,74,36
158,70,74,36
157,69,74,36
156,69,74,36
156,69,74,36
157,69,74,36
157,69,74,36
158,70,74,36
158,69,74,36
158,68,74,36
158,67,74,36
158,67,74,36
158,67,74,36
159,67,74,36
159,67,74,36
159,67,74,36
159,67,74,36
159,68,74,36
160,68,74,36
161,68,74,36
161,68,74,36
162,69,74,36
163,69,74,36
163,68,74,36
163,68,74,36
162,67,74,36
164,67,70,34
164,66,70,34
164,66,70,34
164,67,70,34
164,68,70,34
163,69,70,34
163,69,70,34
163,69,70,34
163,70,70,34
162,70,70,34
161,71,70,34
161,71,70,34
160,71,70,34
159,72,70,34
158,72,70,34
158,72,70,34
157,72,70,34
156,73,70,34
156,73,70,34
156,74,70,34
155,75,70,34
155,76,70,34
154,77,70,34
155,79,67,33
154,79,67,33
154,80,67,33
156,81,64,31
156,82,64,31
156,83,64,31
156,83,64,31
156,85,64,31
155,86,64,31
154,86,64,31
154,88,64,31
154,88,64,31
153,89,64,31
153,92,64,31
154,93,61,30
153,94,61,30
152,96,61,30
151,97,61,30
150,97,61,30
151,99,58,28
151,100,58,28
151,100,58,28
151,101,58,28
151,102,58,28
151,102,58,28
152,102,58,28
153,103,58,28
153,103,58,28
153,105,58,28
153,105,58,28
154,107,55,27
154,108,55,27
154,109,52,26
155,110,52,26
155,111,52,26
154,113,52,26
154,113,52,26
153,114,52,26
153,115,52,26
152,115,52,26
151,115,52,26
151,115,52,26
151,115,52,26
152,116,52,26
152,117,52,26
152,118,52,26
152,118,52,26
151,119,52,26
151,119,52,26
151,119,52,26
151,120,52,26
151,121,52,26
151,121,52,26
152,122,52,26
152,122,52,26
153,123,52,26
153,123,52,26
153,122,52,26
154,122,52,26
156,123,50,24
157,123,50,24
158,123,50,24
159,124,47,23
159,124,47,23
159,125,47,23
159,125,47,23
159,127,47,23
160,128,47,23
160,128,47,23
161,132,45,22
161,132,45,22
162,133,43,21
162,133,43,21
162,133,43,21
162,133,43,21
162,134,41,20
162,134,41,20
162,134,41,20
162,134,41,20
162,134,41,20
161,134,41,20
162,135,41,20
161,135,41,20
161,135,41,20
161,135,41,20
162,135,41,20
161,135,41,20
164,133,38,24
164,133,38,24
164,133,38,24
165,133,38,24
166,134,36,23
167,134,36,23
167,134,36,23
167,134,36,23
168,134,36,23
169,135,36,23
169,134,36,23
170,135,34,22
170,135,34,22
170,135,34,22
171,135,34,22
171,135,34,22
173,135,34,22
173,135,34,22
174,136,34,22
174,136,34,22
176,136,34,22
177,135,34,22
177,135,34,22
178,135,34,22
178,135,34,22
179,135,34,22
180,135,34,22
180,136,34,22
181,136,34,22
181,136,34,22
181,136,34,22
182,136,34,22
183,136,33,21
184,137,33,21
185,137,33,21
185,137,33,21
186,136,33,21
186,136,33,21
187,135,33,21
188,134,33,21
189,134,33,21
189,134,33,21
190,134,33,21
190,133,33,21
191,133,31,20
192,133,31,20
193,133,31,20
195,133,30,19
196,133,30,19
197,134,30,19
197,133,30,19
197,134,30,19
198,134,30,19
198,134,30,19
198,134,30,19
199,134,30,19
200,134,30,19
200,135,30,19
201,136,30,19
202,137,30,19
202,136,30,19
203,137,30,19
202,138,30,19
202,138,30,19
202,139,30,19
203,138,30,19
202,140,30,19
202,140,30,19
202,140,30,19
203,141,30,19
203,142,30,19
204,142,30,19
205,142,30,19
206,142,30,19
207,142,30,19
208,142,30,19
209,143,30,19
210,142,30,19
211,142,30,19
212,142,30,19
213,143,30,19
212,144,30,19
213,144,30,19
214,144,30,19
214,145,30,19
214,146,30,19
215,147,30,19
215,147,30,19
216,148,30,19
216,149,30,19
217,149,28,18
217,149,28,18
217,149,28,18
217,149,28,18
217,149,28,18
217,149,28,18
218,148,28,18
219,148,28,18
219,148,28,18
219,147,28,18
219,147,28,18
219,146,30,19
219,146,30,19
220,146,30,19
220,145,31,20
220,145,31,20
221,145,31,20
221,144,31,20
221,144,31,20
222,144,31,20
221,145,31,20
223,144,31,20
223,142,30,19
224,143,30,19
224,143,30,19
225,142,30,19
226,142,30,19
227,143,30,19
228,143,30,19
229,142,30,19
230,141,30,19
231,140,30,19
231,140,30,19
231,141,30,19
233,141,30,19
233,140,30,19
233,140,30,19
234,140,30,19
235,140,30,19
237,139,30,19
238,138,30,19
238,139,30,19
240,138,30,19
240,138,30,19
240,137,31,20
241,137,31,20
242,137,31,20
243,137,31,20
243,137,31,20
244,135,31,20
245,135,31,20
244,134,31,20
243,134,31,20
244,134,30,19
245,134,30,19
247,134,30,19
246,133,31,20
246,133,31,20
246,132,31,20
246,132,31,20
246,132,31,20
246,132,31,20
247,132,31,20
247,132,31,20
248,132,31,20
248,132,31,20
248,132,31,20
248,132,31,20
248,132,31,20
248,132,31,20
248,132,31,20
247,132,31,20
247,132,31,20
247,132,31,20
246,132,31,20
246,132,31,20
247,132,30,19
247,132,30,19
246,132,30,19
246,132,30,19
246,132,30,19
246,132,30,19
245,133,30,19
245,133,30,19
245,132,30,19
245,132,30,19
245,133,30,19
245,132,30,19
245,133,30,19
244,133,30,19
244,132,30,19
244,133,30,19
243,132,30,19
243,132,30,19
242,131,30,19
242,131,30,19
242,130,30,19
242,130,30,19
241,129,30,19
240,129,30,19
240,128,30,19
240,129,28,18
241,129,28,18
241,129,28,18
241,129,28,18
241,129,28,18
240,129,28,18
240,129,28,18
240,129,28,18
240,129,28,18
240,129,28,18
240,129,28,18
239,130,28,18
238,130,28,18
238,130,28,18
237,130,28,18
237,131,28,18
236,131,28,18
235,132,28,18
235,132,28,18
234,132,28,18
234,133,28,18
234,133,28,18
233,133,28,18
233,133,28,18
233,133,28,18
233,133,28,18
233,133,28,18
232,133,28,18
232,133,28,18
231,133,27,17
230,132,27,17
230,133,27,17
230,133,27,17
230,132,27,17
229,132,27,17
229,132,27,17
229,132,27,17
229,132,27,17
230,131,27,17
229,132,27,17
229,132,27,17
229,132,27,17
229,131,27,17
229,132,27,17
229,131,27,17
229,131,27,17
229,132,27,17
230,131,27,17
229,131,27,17
230,131,27,17
230,132,27,17
231,132,27,17
231,132,27,17
231,132,27,17
230,132,27,17
231,133,27,17
231,133,27,17
232,133,27,17
231,134,27,17
231,135,27,17
232,135,27,17
232,136,27,17
232,136,27,17
233,137,27,17
232,138,27,17
232,139,27,17
233,140,27,17
232,140,27,17
232,141,27,17
232,141,27,17
232,141,27,17
232,141,27,17
232,141,27,17
232,141,27,17
232,142,27,17
232,141,27,17
231,141,27,17
232,142,27,17
232,142,27,17
232,142,27,17
233,141,27,17
233,142,27,17
233,142,27,17
232,142,27,17
232,142,27,17
232,142,27,17
233,142,27,17
233,143,27,17
233,143,27,17
235,143,27,17
235,143,27,17
235,143,27,17
236,143,27,17
237,143,27,17
236,144,27,17
237,144,27,17
237,144,27,17
237,144,27,17
238,145,27,17
237,145,27,17
238,146,27,17
238,146,27,17
237,146,27,17
237,146,27,17
237,147,27,17
237,147,27,17
238,147,27,17
238,147,27,17
238,147,27,17
238,147,27,17
237,148,27,17
238,147,27,17
238,147,27,17
238,147,27,17
237,147,27,17
238,147,27,17
238,148,27,17
237,147,27,17
238,147,27,17
237,147,27,17
237,147,27,17
237,147,27,17
237,147,27,17
236,147,27,17
237,146,27,17
237,146,27,17
237,147,27,17
237,146,27,17
237,147,27,17
236,148,27,17
237,148,27,17
237,149,27,17
237,149,27,17
237,149,27,17
237,150,27,17
237,150,27,17
237,150,27,17
237,150,27,17
236,150,27,17
237,150,27,17
237,150,27,17
236,150,27,17
237,151,27,17
237,150,27,17
238,150,27,17
237,151,27,17
237,151,27,17
238,151,27,17
238,151,27,17
237,151,27,17
238,150,27,17
238,150,27,17
238,151,27,17
238,150,27,17
238,150,27,17
238,151,27,17
239,150,27,17
239,151,27,17
239,151,27,17
239,151,27,17
240,151,27,17
241,151,27,17
241,150,27,17
240,151,27,17
242,151,27,17
242,151,27,17
242,150,27,17
242,151,27,17
243,151,27,17
244,151,27,17
244,151,27,17
244,151,27,17
244,152,27,17
244,152,27,17
244,152,27,17
245,153,27,17
245,153,27,17
245,153,27,17
245,152,27,17
246,153,27,17
246,153,27,17
246,153,27,17
247,153,27,17
248,153,27,17
248,153,27,17
248,153,27,17
249,154,27,17
249,154,27,17
249,155,27,17
249,154,27,17
250,155,27,17
251,155,27,17
251,155,27,17
250,155,27,17
251,155,27,17
252,156,27,17
252,156,27,17
252,157,27,17
253,157,27,17
254,158,27,17
254,158,27,17
254,158,27,17
255,158,27,17
256,158,27,17
256,159,27,17
256,159,27,17
257,160,27,17
257,160,27,17
257,160,27,17
258,160,27,17
258,161,27,17
259,161,27,17
259,161,27,17
260,161,27,17
260,161,27,17
261,161,27,17
262,161,27,17
261,161,27,17
263,161,27,17
263,161,27,17
264,161,27,17
265,161,27,17
265,162,27,17
266,163,27,17
266,163,27,17
268,163,27,17
267,163,27,17
268,163,27,17
268,163,27,17
267,163,27,17
268,163,27,17
268,164,27,17
269,164,27,17
269,164,27,17
270,164,27,17
270,165,27,17
271,165,27,17
271,165,27,17
272,165,27,17
271,166,27,17
273,166,27,17
272,166,27,17
273,166,27,17
274,166,27,17
274,166,27,17
275,165,27,17
275,165,27,17
276,166,27,17
276,165,27,17
277,166,27,17
277,166,27,17
278,166,27,17
278,167,27,17
279,167,27,17
279,166,27,17
280,167,27,17
280,166,27,17
282,166,27,17
282,166,27,17
284,166,27,17
284,166,27,17
285,165,27,17
285,166,27,17
287,165,28,18
287,165,28,18
287,165,28,18
287,165,28,18
288,165,28,18
288,165,28,18
289,165,28,18
290,166,28,18
291,166,28,18
291,166,28,18
292,165,28,18
292,166,28,18
293,166,28,18
294,166,27,17
295,166,27,17
295,167,27,17
296,166,27,17
297,167,27,17
296,167,27,17
297,167,27,17
297,167,27,17
297,166,27,17
297,166,27,17
297,167,27,17
298,167,27,17
298,167,27,17
298,167,27,17
298,166,27,17
298,166,27,17
299,166,27,17
299,166,27,17
299,165,27,17
299,165,27,17
299,165,27,17
300,165,26,16
300,164,26,16
300,164,26,16
300,164,26,16
300,163,26,16
300,163,26,16
300,162,26,16
299,162,26,16
299,161,26,16
299,160,26,16
299,160,26,16
298,160,26,16
298,160,26,16
298,159,26,16
297,159,26,16
297,159,26,16
296,158,26,16
296,158,26,16
295,157,26,16
294,156,26,16
294,156,26,16
293,155,26,16
292,154,26,16
291,154,26,16
290,153,27,17
289,153,27,17
289,153,26,16
289,153,24,15
286,153,26,16
286,153,24,15
285,152,24,15
284,152,24,15
283,152,24,15
282,151,24,15
279,150,26,16
279,150,26,16
278,150,26,16
277,150,26,16
276,150,26,16
276,149,26,16
274,149,26,16
273,149,26,16
271,148,26,16
271,148,26,16
268,148,26,16
266,148,26,16
266,148,24,15
265,149,23,15
264,148,24,15
263,147,24,15
261,147,23,15
260,147,24,15
257,146,24,15
256,146,23,15
255,146,23,15
252,145,23,15
252,145,22,14
249,144,23,15
248,143,23,15
246,143,23,15
245,143,23,15
243,143,23,15
241,143,23,15
241,143,22,14
239,143,23,15
237,142,23,15
236,141,23,15
235,140,24,15
234,140,24,15
232,139,24,15
230,139,23,15
229,139,24,15
229,139,24,15
229,138,24,15
228,138,24,15
225,138,26,16
225,139,26,16
225,139,26,16
225,139,24,15
223,141,23,15
223,140,23,15
222,141,23,15
222,141,23,15
221,142,23,15
221,143,23,15
220,142,24,15
219,142,24,15
219,142,24,15
218,142,24,15
217,142,23,15
216,141,23,15
215,141,23,15
215,140,23,15
215,141,23,15
214,140,23,15
214,140,23,15
213,138,24,15
213,138,24,15
212,138,24,15
212,137,24,15
212,137,24,15
209,135,26,16
209,134,26,16
209,134,24,15
209,134,24,15
209,133,24,15
209,133,24,15
209,132,24,15
208,132,24,15
208,132,24,15
208,132,24,15
208,131,24,15
207,130,24,15
204,130,26,16
204,130,26,16
204,130,26,16
205,130,24,15
205,131,24,15
203,131,24,15
203,131,24,15
202,130,24,15
202,130,24,15
202,129,24,15
202,128,24,15
202,128,24,15
202,128,24,15
202,128,24,15
202,128,24,15
203,128,24,15
203,128,24,15
203,129,24,15
203,128,24,15
203,129,24,15
202,128,24,15
202,129,24,15
202,128,24,15
202,128,24,15
202,128,24,15
201,127,24,15
201,126,24,15
201,126,24,15
200,127,24,15
200,126,24,15
201,126,24,15
202,125,23,15
202,125,23,15
202,125,23,15
203,124,23,15
203,125,23,15
203,125,23,15
204,125,23,15
204,125,23,15
204,125,23,15
205,125,23,15
205,123,23,15
205,122,23,15
205,123,23,15
206,122,23,15
206,121,23,15
206,121,23,15
207,121,23,15
207,121,23,15
207,121,23,15
207,120,24,15
207,118,24,15
208,119,24,15
208,118,24,15
208,117,24,15
208,117,24,15
208,116,26,16
208,114,26,16
211,114,24,15
211,113,24,15
210,112,26,16
211,110,26,16
212,110,26,16
214,108,26,16
214,108,26,16
216,108,26,16
217,107,26,16
217,107,26,16
218,107,26,16
219,106,26,16
218,106,27,17
218,107,27,17
219,107,27,17
219,107,27,17
219,107,27,17
220,106,27,17
219,105,28,18
219,105,28,18
219,105,28,18
218,105,28,18
217,105,28,18
217,105,28,18
217,104,28,18
216,104,28,18
215,103,28,18
214,103,28,18
214,103,28,18
214,103,28,18
214,103,28,18
214,103,28,18
214,104,28,18
214,104,28,18
213,104,28,18
213,104,28,18
213,105,28,18
212,105,28,18
211,105,28,18
211,106,28,18
211,107,28,18
210,108,28,18
209,109,28,18
208,110,28,18
208,111,28,18
207,112,28,18
206,112,28,18
206,112,28,18
206,112,28,18
206,112,28,18
206,112,28,18
206,112,28,18
206,112,28,18
206,112,28,18
206,112,28,18
206,112,28,18
207,112,28,18
207,112,28,18
207,112,28,18
207,112,28,18
207,112,28,18
206,112,28,18
206,111,28,18
207,110,28,18
207,110,28,18
207,110,28,18
206,110,28,18
206,110,28,18
206,110,28,18
206,110,28,18
205,110,28,18
204,110,28,18
204,110,28,18
204,110,28,18
204,110,28,18
204,110,28,18
202,110,30,19
203,109,30,19
203,109,30,19
203,109,30,19
202,108,31,20
203,108,31,20
203,108,31,20
203,107,31,20
202,107,31,20
202,106,31,20
203,106,31,20
202,106,31,20
202,106,31,20
202,107,31,20
201,106,31,20
202,106,31,20
202,105,31,20
203,104,31,20
203,104,31,20
203,104,31,20
202,104,31,20
202,104,31,20
202,104,31,20
202,104,31,20
202,104,31,20
202,105,31,20
202,106,30,19
201,106,31,20
201,108,31,20
200,108,31,20
200,108,31,20
199,109,31,20
199,110,31,20
199,110,31,20
199,110,31,20
197,109,33,21
196,110,34,22
195,110,34,22
195,110,34,22
195,110,34,22
194,111,34,22
195,111,34,22
194,110,34,22
195,110,34,22
195,111,34,22
194,111,34,22
194,111,34,22
194,111,34,22
194,111,34,22
194,111,34,22
195,112,34,22
195,111,34,22
195,111,34,22
195,110,36,23
195,110,36,23
195,109,36,23
195,108,36,23
196,108,36,23
196,108,36,23
196,108,36,23
197,107,36,23
197,107,36,23
198,106,36,23
198,106,36,23
197,106,36,23
197,107,36,23
197,107,36,23
196,107,38,24
198,109,38,24
198,109,38,24
201,109,38,24
201,109,38,24
201,108,40,25
201,108,42,26
202,108,42,26
203,108,42,26
205,108,42,26
206,109,42,26
208,109,42,26
208,110,42,26
209,110,42,26
210,111,42,26
209,112,42,26
209,113,42,26
209,113,42,26
209,112,42,26
208,112,42,26
207,112,42,26
206,112,42,26
205,112,42,26
205,111,42,26
205,111,42,26
205,110,42,26
206,110,42,26
207,109,42,26
207,109,42,26
208,109,42,26
207,108,44,28
207,108,44,28
208,109,44,28
208,109,44,28
208,109,44,28
208,110,44,28
208,111,44,28
208,111,44,28
208,112,44,28
208,114,44,28
208,116,44,28
208,116,44,28
208,117,44,28
207,117,44,28
207,117,44,28
207,117,44,28
207,117,44,28
207,118,44,28
208,118,44,28
209,118,44,28
210,119,44,28
209,118,46,29
209,119,46,29
208,118,46,29
208,117,46,29
207,117,46,29
207,117,46,29
207,117,46,29
207,117,46,29
206,115,48,31
206,114,48,31
206,113,48,31
206,112,48,31
205,113,48,31
205,113,48,31
205,113,48,31
205,112,48,31
206,114,48,31
205,113,51,32
204,112,53,34
205,112,53,34
206,112,53,34
206,112,53,34
207,112,53,34
207,112,53,34
208,112,53,34
208,113,53,34
209,113,53,34
209,113,53,34
210,112,53,34
210,112,53,34
210,112,53,34
211,111,53,34
211,111,53,34
212,110,53,34
213,110,53,34
213,110,53,34
213,110,53,34
214,109,53,34
214,108,53,34
213,107,56,35
213,106,59,37
216,106,59,37
217,106,59,37
218,105,59,37
220,105,59,37
220,105,59,37
222,105,59,37
224,104,59,37
223,103,59,37
223,103,59,37
223,103,59,37
223,103,59,37
222,102,59,37
222,101,59,37
222,102,59,37
223,101,59,37
224,100,59,37
226,99,59,37
225,99,59,37
224,98,62,39
224,97,62,39
224,97,62,39
224,98,62,39
224,98,62,39
224,98,62,39
224,98,62,39
224,98,62,39
223,100,62,39
223,101,62,39
223,101,62,39
224,102,62,39
225,102,62,39
226,102,62,39
225,102,62,39
225,101,62,39
225,101,62,39
225,100,62,39
225,101,62,39
224,100,62,39
222,99,65,41
222,99,65,41
222,99,65,41
222,100,65,41
222,100,65,41
223,100,65,41
223,100,65,41
223,101,65,41
220,102,68,43
218,103,68,43
215,105,68,43
211,104,68,43
208,105,68,43
205,104,68,43
203,105,68,43
202,104,68,43
203,104,65,41
202,105,65,41
201,105,65,41
200,105,65,41
200,105,65,41
199,105,65,41
198,105,65,41
197,105,65,41
196,105,65,41
195,105,65,41
194,106,65,41
191,107,62,39
190,108,62,39
188,108,62,39
188,109,62,39
187,110,62,39
187,111,62,39
186,111,62,39
186,110,62,39
186,108,62,39
186,106,62,39
186,102,62,39
186,97,62,39
186,93,62,39
185,91,62,39
182,89,65,41
180,84,65,41
178,83,65,41
179,80,65,41
178,79,65,41
180,78,65,41
181,77,65,41
182,77,65,41
183,77,65,41
186,80,62,39
187,81,62,39
189,84,62,39
191,85,62,39
194,87,62,39
195,89,62,39
195,89,62,39
196,89,62,39
197,86,62,39
198,84,62,39
197,82,62,39
197,80,62,39
197,78,62,39
198,77,62,39
200,76,62,39
202,76,62,39
204,75,62,39
205,76,62,39
204,78,62,39
203,81,62,39
200,82,62,39
197,84,62,39
195,86,62,39
194,88,62,39
193,91,62,39
192,92,62,39
193,93,62,39
195,92,62,39
196,91,62,39
197,90,62,39
199,88,62,39
199,84,62,39
198,83,62,39
196,82,62,39
193,82,62,39
193,82,62,39
192,81,62,39
192,81,62,39
192,81,62,39
191,82,62,39
191,82,62,39
191,83,62,39
191,84,62,39
192,84,62,39
192,86,62,39
194,88,62,39
196,88,62,39
197,88,62,39
197,88,62,39
197,89,62,39
198,88,62,39
201,89,59,37
201,90,59,37
204,92,56,35
204,94,56,35
204,95,56,35
203,95,56,35
204,96,53,34
204,97,53,34
202,97,53,34
202,97,53,34
202,96,53,34
203,96,53,34
206,96,51,32
208,95,51,32
212,94,51,32
216,93,51,32
220,92,51,32
224,91,51,32
228,91,51,32
230,90,51,32
231,90,51,32
233,90,51,32
234,90,51,32
235,90,51,32
235,91,51,32
236,94,48,31
236,95,48,31
236,97,48,31
237,98,48,31
238,98,48,31
238,99,48,31
240,99,48,31
241,98,48,31
242,97,48,31
242,97,48,31
243,98,46,29
242,98,46,29
241,97,46,29
240,97,46,29
239,99,46,29
238,99,46,29
238,100,46,29
238,99,46,29
237,100,46,29
237,100,46,29
236,99,46,29
237,99,46,29
238,97,46,29
240,95,44,28
241,94,44,28
243,93,44,28
246,92,44,28
247,91,44,28
248,91,44,28
249,90,44,28
248,90,44,28
248,89,44,28
247,89,44,28
249,89,42,26
248,88,42,26
249,87,42,26
250,87,42,26
250,87,42,26
250,87,42,26
250,87,42,26
251,87,42,26
256,86,40,25
257,86,40,25
258,85,40,25
259,85,40,25
259,86,38,24
259,86,36,23
258,87,36,23
257,86,33,23
257,86,33,23
257,86,33,23
256,87,33,23
255,88,33,23
254,88,33,23
254,88,33,23
254,88,33,23
253,88,33,23
254,88,33,23
255,88,33,23
258,88,33,23
259,89,33,23
261,89,33,23
265,89,33,23
267,89,33,23
270,90,33,23
274,91,31,22
276,91,31,22
277,90,33,21
279,88,33,21
282,87,33,21
283,87,31,20
285,85,30,19
286,84,30,19
287,84,30,19
288,83,26,19
288,83,26,19
288,83,26,19
289,83,26,19
289,83,27,20
289,82,27,20
289,82,27,20
292,83,26,19
293,83,25,18
295,83,25,18
295,85,25,18
295,85,25,18
292,86,25,18
289,86,25,18
286,86,25,18
284,86,25,18
280,86,25,18
280,86,25,18
278,88,24,17
277,89,24,17
278,91,22,16
278,92,21,16
279,92,21,16
279,92,21,16
280,93,21,16
279,94,22,17
282,95,21,16
282,96,21,16
282,98,21,16
283,100,20,15
283,102,20,15
283,102,20,15
282,104,20,15
282,103,20,15
283,103,20,15
283,103,20,15
283,102,20,15
283,101,20,15
283,100,20,15
284,99,20,15
284,98,19,15
284,96,18,14
284,95,18,14
283,94,18,14
282,92,18,14
282,90,18,14
283,89,18,14
283,88,18,14
283,86,18,14
284,86,17,13
284,85,17,13
284,84,17,13
284,85,17,13
284,84,16,13
284,84,16,13
284,85,16,13
284,85,16,13
284,83,16,13
284,83,16,13
282,83,16,13
282,83,16,13
283,83,16,12
